12
0.00 0.00 0.00
-0.52 -1.64 -81.70 -21.96 -21.44 -36.16 7.83 -30.70 -58.28
-30.32 7.63 -59.58 0.52 1.64 -15.54 -21.96 -21.44 -36.16
-7.83 30.70 -38.96 30.32 -7.63 -37.66 0.52 1.64 -15.54
21.96 21.44 -61.08 7.83 -30.70 -58.28 30.32 -7.63 -37.66
0.52 1.64 -15.54 7.83 -30.70 -58.28 -21.96 -21.44 -36.16
-30.32 7.63 -59.58 21.96 21.44 -61.08 -7.83 30.70 -38.96
-0.52 -1.64 -81.70 -30.32 7.63 -59.58 -21.96 -21.44 -36.16
-30.32 7.63 -59.58 -7.83 30.70 -38.96 0.52 1.64 -15.54
-7.83 30.70 -38.96 21.96 21.44 -61.08 30.32 -7.63 -37.66
21.96 21.44 -61.08 -0.52 -1.64 -81.70 7.83 -30.70 -58.28
0.52 1.64 -15.54 30.32 -7.63 -37.66 7.83 -30.70 -58.28
-30.32 7.63 -59.58 -0.52 -1.64 -81.70 21.96 21.44 -61.08