967
-0.24 65.80 -0.01
12.59 6.62 45.05 13.45 2.56 46.98 15.16 6.62 47.41
-13.93 2.56 46.98 -13.07 6.62 45.05 -15.64 6.62 47.41
15.16 6.62 47.41 14.73 1.49 49.97 16.87 6.62 50.40
-15.21 1.49 49.97 -15.64 6.62 47.41 -17.35 6.62 50.40
13.45 2.56 46.98 9.38 -0.65 48.90 14.73 1.49 49.97
-9.86 -0.65 48.90 -13.93 2.56 46.98 -15.21 1.49 49.97
11.73 4.48 44.84 9.38 0.85 46.12 13.45 2.56 46.98
-9.86 0.85 46.12 -12.21 4.48 44.84 -13.93 2.56 46.98
9.38 3.63 44.41 5.32 2.56 45.48 9.38 0.85 46.12
-5.80 2.56 45.48 -9.86 3.63 44.41 -9.86 0.85 46.12
9.38 0.85 46.12 4.04 1.49 48.05 9.38 -0.65 48.90
-4.52 1.49 48.05 -9.86 0.85 46.12 -9.86 -0.65 48.90
3.61 6.62 45.48 4.04 1.49 48.05 5.32 2.56 45.48
-4.09 6.62 45.48 -4.52 1.49 48.05 -2.38 6.62 47.83
6.39 6.62 43.99 5.32 2.56 45.48 7.24 4.48 43.99
-6.87 6.62 43.99 -5.80 2.56 45.48 -4.09 6.62 45.48
6.39 6.62 43.99 5.32 10.68 45.48 3.61 6.62 45.48
-5.80 10.68 45.48 -6.87 6.62 43.99 -4.09 6.62 45.48
5.32 10.68 45.48 1.90 6.62 47.83 3.61 6.62 45.48
-5.80 10.68 45.48 -2.38 6.62 47.83 -4.52 11.96 48.05
9.38 12.39 46.12 4.04 11.96 48.05 5.32 10.68 45.48
-9.86 12.39 46.12 -4.52 11.96 48.05 -9.86 14.10 48.90
9.38 9.83 44.41 5.32 10.68 45.48 7.24 8.97 43.99
-9.86 9.83 44.41 -5.80 10.68 45.48 -9.86 12.39 46.12
11.73 8.97 44.84 9.38 12.39 46.12 9.38 9.83 44.41
-12.21 8.97 44.84 -9.86 12.39 46.12 -13.93 10.68 46.98
13.45 10.68 46.98 9.38 14.10 48.90 9.38 12.39 46.12
-13.93 10.68 46.98 -9.86 14.10 48.90 -15.21 11.96 49.97
15.16 6.62 47.41 14.73 11.96 49.97 13.45 10.68 46.98
-15.64 6.62 47.41 -15.21 11.96 49.97 -17.35 6.62 50.40
12.59 6.62 45.05 13.45 10.68 46.98 11.73 8.97 44.84
-13.07 6.62 45.05 -13.93 10.68 46.98 -15.64 6.62 47.41
11.73 8.97 44.84 12.80 6.62 44.63 12.59 6.62 45.05
-12.21 8.97 44.84 -13.28 6.62 44.63 -12.43 9.18 44.41
9.38 9.83 44.41 11.95 9.18 44.41 11.73 8.97 44.84
-9.86 9.83 44.41 -12.43 9.18 44.41 -9.86 10.25 43.77
7.24 8.97 43.99 9.38 10.25 43.77 9.38 9.83 44.41
-7.72 8.97 43.99 -9.86 10.25 43.77 -7.51 9.18 43.34
6.39 6.62 43.99 7.03 9.18 43.34 7.24 8.97 43.99
-6.87 6.62 43.99 -7.51 9.18 43.34 -6.44 6.62 43.34
6.39 6.62 43.99 7.03 4.27 43.34 5.96 6.62 43.34
-7.51 4.27 43.34 -6.87 6.62 43.99 -6.44 6.62 43.34
7.24 4.48 43.99 9.38 3.20 43.77 7.03 4.27 43.34
-9.86 3.20 43.77 -7.72 4.48 43.99 -7.51 4.27 43.34
9.38 3.63 44.41 11.95 4.27 44.41 9.38 3.20 43.77
-12.43 4.27 44.41 -9.86 3.63 44.41 -9.86 3.20 43.77
11.73 4.48 44.84 12.80 6.62 44.63 11.95 4.27 44.41
-13.28 6.62 44.63 -12.21 4.48 44.84 -12.43 4.27 44.41
9.38 6.62 43.13 11.95 4.27 44.41 12.80 6.62 44.63
-13.28 6.62 44.63 -12.43 4.27 44.41 -9.86 6.62 43.13
9.38 3.20 43.77 11.95 4.27 44.41 9.38 6.62 43.13
-9.86 6.62 43.13 -12.43 4.27 44.41 -9.86 3.20 43.77
9.38 6.62 43.13 7.03 4.27 43.34 9.38 3.20 43.77
-9.86 3.20 43.77 -7.51 4.27 43.34 -9.86 6.62 43.13
9.38 6.62 43.13 5.96 6.62 43.34 7.03 4.27 43.34
-7.51 4.27 43.34 -6.44 6.62 43.34 -9.86 6.62 43.13
9.38 6.62 43.13 7.03 9.18 43.34 5.96 6.62 43.34
-6.44 6.62 43.34 -7.51 9.18 43.34 -9.86 6.62 43.13
9.38 6.62 43.13 9.38 10.25 43.77 7.03 9.18 43.34
-7.51 9.18 43.34 -9.86 10.25 43.77 -9.86 6.62 43.13
9.38 6.62 43.13 11.95 9.18 44.41 9.38 10.25 43.77
-9.86 10.25 43.77 -12.43 9.18 44.41 -9.86 6.62 43.13
9.38 6.62 43.13 12.80 6.62 44.63 11.95 9.18 44.41
-12.43 9.18 44.41 -13.28 6.62 44.63 -9.86 6.62 43.13
4.25 -25.46 48.48 -0.24 -26.95 49.97 4.68 -26.53 50.61
-4.73 -25.46 48.48 -0.24 -26.95 49.97 -0.24 -25.88 48.26
6.18 -25.03 48.48 4.68 -26.53 50.61 8.74 -25.88 51.47
-6.66 -25.03 48.48 -5.16 -26.53 50.61 -4.73 -25.46 48.48
9.81 -24.39 51.26 6.18 -25.03 48.48 8.74 -25.88 51.47
-6.66 -25.03 48.48 -10.29 -24.39 51.26 -9.22 -25.88 51.47
9.38 -19.04 50.19 7.03 -22.46 47.62 9.81 -24.39 51.26
-7.51 -22.46 47.62 -9.86 -19.04 50.19 -10.29 -24.39 51.26
8.31 -11.98 50.19 6.60 -19.26 46.98 9.38 -19.04 50.19
-7.08 -19.26 46.98 -8.79 -11.98 50.19 -9.86 -19.04 50.19
5.32 -5.14 50.40 10.67 -1.29 47.41 3.18 -2.79 43.56
-11.15 -1.29 47.41 -5.80 -5.14 50.40 -3.66 -2.79 43.56
17.08 -1.08 51.04 10.67 -1.29 47.41 11.73 -3.86 51.26
-17.56 -1.08 51.04 -11.15 -1.29 47.41 -17.13 1.49 48.69
17.08 -1.08 51.04 19.65 5.55 49.33 16.65 1.49 48.69
-20.13 5.55 49.33 -17.56 -1.08 51.04 -17.13 1.49 48.69
23.28 11.75 49.54 19.65 5.55 49.33 22.43 4.05 53.61
-23.76 11.75 49.54 -20.13 5.55 49.33 -20.55 10.25 47.83
19.22 13.25 48.69 20.07 10.25 47.83 23.28 11.75 49.54
-19.70 13.25 48.69 -20.55 10.25 47.83 -19.06 11.32 45.91
13.23 16.46 46.98 18.58 11.32 45.91 19.22 13.25 48.69
-13.71 16.46 46.98 -19.06 11.32 45.91 -12.21 14.96 43.99
13.23 16.46 46.98 8.31 17.52 42.92 11.73 14.96 43.99
-8.79 17.52 42.92 -13.71 16.46 46.98 -12.21 14.96 43.99
4.04 19.66 45.05 8.31 17.52 42.92 8.53 20.73 45.70
-4.52 19.66 45.05 -8.79 17.52 42.92 -5.80 16.88 42.49
1.47 13.46 45.27 5.32 16.88 42.49 4.04 19.66 45.05
-1.95 13.46 45.27 -5.80 16.88 42.49 -3.02 11.75 42.70
-0.24 11.75 45.48 2.54 11.75 42.70 1.47 13.46 45.27
-0.24 11.75 45.48 -3.02 11.75 42.70 -0.24 9.61 43.34
6.60 12.82 45.05 2.54 11.75 42.70 4.25 11.32 44.63
-7.08 12.82 45.05 -3.02 11.75 42.70 -5.80 16.88 42.49
6.60 12.82 45.05 8.31 17.52 42.92 5.32 16.88 42.49
-8.79 17.52 42.92 -7.08 12.82 45.05 -5.80 16.88 42.49
11.73 14.96 43.99 8.74 13.03 45.48 11.52 11.96 46.12
-12.21 14.96 43.99 -9.22 13.03 45.48 -8.79 17.52 42.92
18.58 11.32 45.91 11.52 11.96 46.12 16.23 10.25 47.62
-19.06 11.32 45.91 -12.00 11.96 46.12 -12.21 14.96 43.99
20.07 10.25 47.83 16.23 10.25 47.62 17.29 8.12 48.05
-20.55 10.25 47.83 -16.71 10.25 47.62 -19.06 11.32 45.91
19.65 5.55 49.33 17.29 8.12 48.05 16.87 5.12 48.05
-20.13 5.55 49.33 -17.77 8.12 48.05 -20.55 10.25 47.83
16.65 1.49 48.69 16.87 5.12 48.05 13.23 1.70 47.41
-17.13 1.49 48.69 -17.35 5.12 48.05 -20.13 5.55 49.33
10.67 -1.29 47.41 13.23 1.70 47.41 10.02 0.42 46.55
-11.15 -1.29 47.41 -13.71 1.70 47.41 -17.13 1.49 48.69
5.32 2.56 45.48 10.67 -1.29 47.41 10.02 0.42 46.55
-11.15 -1.29 47.41 -5.80 2.56 45.48 -10.50 0.42 46.55
5.32 2.56 45.48 -0.24 1.27 45.91 3.18 -2.79 43.56
-0.24 1.27 45.91 -5.80 2.56 45.48 -3.66 -2.79 43.56
2.54 11.75 42.70 3.18 8.33 44.84 4.25 11.32 44.63
-3.02 11.75 42.70 -3.66 8.33 44.84 -0.24 9.61 43.34
3.18 8.33 44.84 -0.24 5.76 44.84 3.40 5.76 45.05
-0.24 5.76 44.84 -3.66 8.33 44.84 -3.88 5.76 45.05
4.25 3.84 45.27 -0.24 5.76 44.84 -0.24 1.27 45.91
-4.73 3.84 45.27 -0.24 5.76 44.84 -3.88 5.76 45.05
1.47 -24.17 46.77 -0.24 -25.88 48.26 4.25 -25.46 48.48
-0.24 -25.88 48.26 -1.95 -24.17 46.77 -4.73 -25.46 48.48
2.97 -22.89 46.34 4.25 -25.46 48.48 6.18 -25.03 48.48
-4.73 -25.46 48.48 -3.45 -22.89 46.34 -6.66 -25.03 48.48
2.97 -22.89 46.34 7.03 -22.46 47.62 2.75 -19.68 45.70
-3.45 -22.89 46.34 -7.51 -22.46 47.62 -6.66 -25.03 48.48
5.53 -12.20 46.34 2.97 -18.83 45.70 6.60 -19.26 46.98
-3.45 -18.83 45.70 -6.01 -12.20 46.34 -7.08 -19.26 46.98
2.75 -19.68 45.70 6.60 -19.26 46.98 2.97 -18.83 45.70
-7.08 -19.26 46.98 -3.23 -19.68 45.70 -3.45 -18.83 45.70
-0.24 -8.99 45.48 1.90 -12.20 45.27 2.11 -7.92 45.48
-0.24 -8.99 45.48 -2.38 -12.20 45.27 -0.24 -12.20 45.27
1.90 -12.20 45.27 -0.24 -18.61 45.70 2.97 -18.83 45.70
-2.38 -12.20 45.27 -0.24 -18.61 45.70 -0.24 -12.20 45.27
2.75 -19.68 45.70 -0.24 -18.61 45.70 -0.24 -20.97 45.70
-3.23 -19.68 45.70 -0.24 -18.61 45.70 -3.45 -18.83 45.70
3.18 -6.21 45.27 2.33 -7.49 44.41 2.11 -7.92 45.48
-2.81 -7.49 44.41 -3.66 -6.21 45.27 -2.59 -7.92 45.48
2.75 -3.65 44.41 3.18 -6.21 45.27 2.54 -4.07 45.48
-3.23 -3.65 44.41 -3.66 -6.21 45.27 -3.88 -6.21 43.99
0.83 -3.43 44.41 2.54 -4.07 45.48 -0.24 -3.86 45.48
-1.31 -3.43 44.41 -3.02 -4.07 45.48 -3.23 -3.65 44.41
-0.24 -5.14 43.99 -0.24 -3.86 45.48 -0.24 -5.36 45.27
-0.24 -5.14 43.99 -0.24 -3.86 45.48 -1.31 -3.43 44.41
2.11 -7.92 45.48 -0.24 -8.78 44.41 -0.24 -8.99 45.48
-2.59 -7.92 45.48 -0.24 -8.78 44.41 -2.81 -7.49 44.41
2.33 -7.49 44.41 -0.24 -7.92 43.77 -0.24 -8.78 44.41
-2.81 -7.49 44.41 -0.24 -7.92 43.77 -2.38 -6.85 43.77
-0.24 -5.14 43.99 1.04 -4.07 43.56 0.83 -3.43 44.41
-1.52 -4.07 43.56 -0.24 -5.14 43.99 -1.31 -3.43 44.41
0.83 -3.43 44.41 2.33 -4.29 43.56 2.75 -3.65 44.41
-2.81 -4.29 43.56 -1.31 -3.43 44.41 -3.23 -3.65 44.41
2.33 -4.29 43.56 3.40 -6.21 43.99 2.75 -3.65 44.41
-2.81 -4.29 43.56 -3.88 -6.21 43.99 -3.23 -6.21 43.13
3.40 -6.21 43.99 1.90 -6.85 43.77 2.33 -7.49 44.41
-2.38 -6.85 43.77 -3.88 -6.21 43.99 -2.81 -7.49 44.41
2.75 -6.21 43.13 1.04 -4.07 43.56 -0.24 -5.57 43.13
-3.23 -6.21 43.13 -1.52 -4.07 43.56 -2.81 -4.29 43.56
-0.24 -5.57 43.13 1.90 -6.85 43.77 2.75 -6.21 43.13
-2.38 -6.85 43.77 -0.24 -5.57 43.13 -3.23 -6.21 43.13
-0.24 -3.86 45.48 3.18 -2.79 43.56 -0.24 1.27 45.91
-3.66 -2.79 43.56 -0.24 -3.86 45.48 -0.24 1.27 45.91
2.54 -4.07 45.48 4.25 -6.64 46.34 3.18 -2.79 43.56
-4.73 -6.64 46.34 -3.02 -4.07 45.48 -3.66 -2.79 43.56
2.11 -7.92 45.48 4.25 -6.64 46.34 3.18 -6.21 45.27
-2.59 -7.92 45.48 -4.73 -6.64 46.34 -5.16 -8.56 46.34
1.90 -12.20 45.27 4.68 -8.56 46.34 2.11 -7.92 45.48
-2.38 -12.20 45.27 -5.16 -8.56 46.34 -6.01 -12.20 46.34
6.82 -8.56 50.61 5.53 -12.20 46.34 8.31 -11.98 50.19
-7.30 -8.56 50.61 -6.01 -12.20 46.34 -5.16 -8.56 46.34
6.18 -6.85 50.61 4.68 -8.56 46.34 6.82 -8.56 50.61
-6.66 -6.85 50.61 -5.16 -8.56 46.34 -4.73 -6.64 46.34
5.32 -5.14 50.40 4.25 -6.64 46.34 6.18 -6.85 50.61
-4.73 -6.64 46.34 -5.80 -5.14 50.40 -6.66 -6.85 50.61
-0.24 -20.97 45.70 2.33 -20.32 45.91 2.75 -19.68 45.70
-0.24 -20.97 45.70 -2.81 -20.32 45.91 -0.24 -21.18 46.12
2.97 -22.89 46.34 2.33 -20.32 45.91 2.33 -22.46 46.34
-2.81 -20.32 45.91 -3.45 -22.89 46.34 -2.81 -22.46 46.34
1.47 -24.17 46.77 2.33 -22.46 46.34 1.04 -23.75 46.98
-2.81 -22.46 46.34 -1.95 -24.17 46.77 -1.52 -23.75 46.98
-0.24 -24.39 46.98 1.04 -23.75 46.98 -0.24 -23.96 46.98
-1.52 -23.75 46.98 -0.24 -24.39 46.98 -0.24 -23.96 46.98
1.04 -23.75 46.98 -0.24 -23.53 48.48 -0.24 -23.96 46.98
-1.52 -23.75 46.98 -0.24 -23.53 48.48 -1.52 -23.32 48.48
1.04 -23.75 46.98 2.33 -22.25 48.26 1.04 -23.32 48.48
-2.81 -22.25 48.26 -1.52 -23.75 46.98 -1.52 -23.32 48.48
2.33 -22.46 46.34 2.33 -20.54 47.62 2.33 -22.25 48.26
-2.81 -20.54 47.62 -2.81 -22.46 46.34 -2.81 -22.25 48.26
-0.24 -21.18 46.12 2.33 -20.54 47.62 2.33 -20.32 45.91
-0.24 -21.18 46.12 -2.81 -20.54 47.62 -0.24 -21.39 47.83
-0.24 -21.39 47.83 1.04 -23.32 48.48 2.33 -20.54 47.62
-1.52 -23.32 48.48 -0.24 -21.39 47.83 -2.81 -20.54 47.62
2.33 -20.54 47.62 1.04 -23.32 48.48 2.33 -22.25 48.26
-2.81 -22.25 48.26 -1.52 -23.32 48.48 -2.81 -20.54 47.62
3.40 5.76 45.05 4.89 4.27 44.63 4.46 5.98 44.41
-5.37 4.27 44.63 -3.88 5.76 45.05 -4.94 5.98 44.41
3.18 8.33 44.84 4.46 5.98 44.41 4.68 8.12 44.41
-4.94 5.98 44.41 -3.66 8.33 44.84 -5.16 8.12 44.41
3.18 8.33 44.84 5.53 10.25 44.41 4.25 11.32 44.63
-3.66 8.33 44.84 -6.01 10.25 44.41 -5.16 8.12 44.41
5.32 2.56 45.48 4.89 4.27 44.63 4.25 3.84 45.27
-5.80 2.56 45.48 -5.37 4.27 44.63 -6.44 2.98 44.41
5.32 2.56 45.48 10.02 1.70 45.48 5.96 2.98 44.41
-10.50 1.70 45.48 -5.80 2.56 45.48 -6.44 2.98 44.41
10.02 0.42 46.55 12.80 2.77 46.12 10.02 1.70 45.48
-13.28 2.77 46.12 -10.50 0.42 46.55 -10.50 1.70 45.48
13.23 1.70 47.41 15.58 5.34 47.19 12.80 2.77 46.12
-16.06 5.34 47.19 -13.71 1.70 47.41 -13.28 2.77 46.12
16.87 5.12 48.05 15.80 7.90 46.98 15.58 5.34 47.19
-16.28 7.90 46.98 -17.35 5.12 48.05 -16.06 5.34 47.19
16.23 10.25 47.62 15.80 7.90 46.98 17.29 8.12 48.05
-16.71 10.25 47.62 -16.28 7.90 46.98 -15.64 9.61 46.77
11.52 11.96 46.12 15.16 9.61 46.77 16.23 10.25 47.62
-12.00 11.96 46.12 -15.64 9.61 46.77 -11.79 10.90 44.63
11.52 11.96 46.12 8.95 11.75 45.05 11.31 10.90 44.63
-9.43 11.75 45.05 -12.00 11.96 46.12 -11.79 10.90 44.63
8.74 13.03 45.48 7.24 11.54 44.63 8.95 11.75 45.05
-7.72 11.54 44.63 -9.22 13.03 45.48 -9.43 11.75 45.05
6.60 12.82 45.05 5.53 10.25 44.41 7.24 11.54 44.63
-6.01 10.25 44.41 -7.08 12.82 45.05 -7.72 11.54 44.63
7.24 11.54 44.63 6.18 9.83 45.05 7.46 10.90 44.84
-6.66 9.83 45.05 -7.72 11.54 44.63 -7.94 10.90 44.84
8.95 11.75 45.05 7.46 10.90 44.84 8.95 11.11 45.27
-7.94 10.90 44.84 -9.43 11.75 45.05 -9.43 11.11 45.27
8.95 11.75 45.05 11.09 10.68 45.27 11.31 10.90 44.63
-9.43 11.75 45.05 -11.57 10.68 45.27 -9.43 11.11 45.27
11.31 10.90 44.63 14.30 9.18 47.19 15.16 9.61 46.77
-11.79 10.90 44.63 -14.78 9.18 47.19 -11.57 10.68 45.27
15.80 7.90 46.98 14.30 9.18 47.19 14.94 7.69 47.41
-14.78 9.18 47.19 -16.28 7.90 46.98 -15.42 7.69 47.41
15.80 7.90 46.98 14.73 5.76 47.41 15.58 5.34 47.19
-16.28 7.90 46.98 -15.21 5.76 47.41 -15.42 7.69 47.41
12.80 2.77 46.12 14.73 5.76 47.41 12.38 3.20 46.55
-15.21 5.76 47.41 -13.28 2.77 46.12 -12.86 3.20 46.55
12.80 2.77 46.12 10.02 2.34 45.91 10.02 1.70 45.48
-13.28 2.77 46.12 -10.50 2.34 45.91 -12.86 3.20 46.55
10.02 1.70 45.48 6.39 3.41 45.05 5.96 2.98 44.41
-10.50 1.70 45.48 -6.87 3.41 45.05 -10.50 2.34 45.91
4.89 4.27 44.63 6.39 3.41 45.05 5.32 4.69 45.27
-6.87 3.41 45.05 -5.37 4.27 44.63 -5.80 4.69 45.27
5.53 10.25 44.41 5.11 8.12 45.05 6.18 9.83 45.05
-5.59 8.12 45.05 -6.01 10.25 44.41 -6.66 9.83 45.05
4.68 8.12 44.41 5.11 6.19 45.27 5.11 8.12 45.05
-5.59 6.19 45.27 -5.16 8.12 44.41 -5.59 8.12 45.05
4.46 5.98 44.41 5.32 4.69 45.27 5.11 6.19 45.27
-5.80 4.69 45.27 -4.94 5.98 44.41 -5.59 6.19 45.27
-0.24 11.75 45.48 2.75 12.61 49.12 -0.24 11.11 49.33
-3.23 12.61 49.12 -0.24 11.75 45.48 -0.24 11.11 49.33
1.47 13.46 45.27 5.11 18.17 48.90 2.75 12.61 49.12
-5.59 18.17 48.90 -1.95 13.46 45.27 -3.23 12.61 49.12
8.53 20.73 45.70 5.11 18.17 48.90 4.04 19.66 45.05
-9.01 20.73 45.70 -5.59 18.17 48.90 -9.43 18.81 49.54
13.23 16.46 46.98 8.95 18.81 49.54 8.53 20.73 45.70
-13.71 16.46 46.98 -9.43 18.81 49.54 -13.50 15.17 50.61
19.22 13.25 48.69 13.02 15.17 50.61 13.23 16.46 46.98
-19.70 13.25 48.69 -13.50 15.17 50.61 -18.84 12.39 52.32
19.22 13.25 48.69 21.57 11.11 53.18 18.36 12.39 52.32
-22.05 11.11 53.18 -19.70 13.25 48.69 -18.84 12.39 52.32
22.43 4.05 53.61 21.57 11.11 53.18 23.28 11.75 49.54
-22.91 4.05 53.61 -22.05 11.11 53.18 -21.41 4.48 55.53
22.43 4.05 53.61 16.23 -0.01 54.46 20.93 4.48 55.53
-16.71 -0.01 54.46 -22.91 4.05 53.61 -21.41 4.48 55.53
17.08 -1.08 51.04 11.73 -2.58 52.97 16.23 -0.01 54.46
-12.21 -2.58 52.97 -17.56 -1.08 51.04 -16.71 -0.01 54.46
-0.24 -13.27 58.10 3.18 -14.76 55.96 -0.24 -15.62 57.03
-0.24 -13.27 58.10 -3.66 -14.76 55.96 -5.16 -11.34 58.74
-0.24 -15.62 57.03 3.61 -20.75 55.75 -0.24 -22.03 56.39
-0.24 -15.62 57.03 -4.09 -20.75 55.75 -3.66 -14.76 55.96
-0.24 -22.03 56.39 4.25 -25.88 53.82 -0.24 -26.74 53.18
-0.24 -22.03 56.39 -4.73 -25.88 53.82 -4.09 -20.75 55.75
4.68 -26.53 50.61 -0.24 -26.74 53.18 4.25 -25.88 53.82
-0.24 -26.74 53.18 -5.16 -26.53 50.61 -4.73 -25.88 53.82
8.74 -25.88 51.47 4.25 -25.88 53.82 8.74 -25.03 54.89
-4.73 -25.88 53.82 -9.22 -25.88 51.47 -9.22 -25.03 54.89
9.81 -24.39 51.26 8.74 -25.03 54.89 7.67 -19.47 55.32
-9.22 -25.03 54.89 -10.29 -24.39 51.26 -8.15 -19.47 55.32
9.38 -19.04 50.19 7.67 -19.47 55.32 6.60 -13.70 55.10
-8.15 -19.47 55.32 -9.86 -19.04 50.19 -7.08 -13.70 55.10
7.67 -19.47 55.32 3.18 -14.76 55.96 6.60 -13.70 55.10
-3.66 -14.76 55.96 -8.15 -19.47 55.32 -7.08 -13.70 55.10
8.74 -25.03 54.89 3.61 -20.75 55.75 7.67 -19.47 55.32
-9.22 -25.03 54.89 -4.09 -20.75 55.75 -4.73 -25.88 53.82
6.60 -13.70 55.10 4.68 -11.34 58.74 6.18 -9.63 54.68
-7.08 -13.70 55.10 -5.16 -11.34 58.74 -3.66 -14.76 55.96
8.31 -11.98 50.19 6.60 -13.70 55.10 6.18 -9.63 54.68
-7.08 -13.70 55.10 -8.79 -11.98 50.19 -6.66 -9.63 54.68
5.75 -7.71 54.04 6.18 -6.85 50.61 6.82 -8.56 50.61
-6.23 -7.71 54.04 -6.66 -6.85 50.61 -6.01 -6.21 52.97
6.18 -9.63 54.68 6.82 -8.56 50.61 8.31 -11.98 50.19
-6.66 -9.63 54.68 -7.30 -8.56 50.61 -6.23 -7.71 54.04
6.18 -6.85 50.61 5.32 -4.71 52.11 5.32 -5.14 50.40
-6.66 -6.85 50.61 -5.80 -4.71 52.11 -6.01 -6.21 52.97
5.32 -4.71 52.11 11.73 -3.86 51.26 5.32 -5.14 50.40
-5.80 -4.71 52.11 -12.21 -3.86 51.26 -12.21 -2.58 52.97
8.95 1.49 83.97 -0.24 -5.36 84.19 -0.24 1.91 88.46
-9.43 1.49 83.97 -0.24 -5.36 84.19 -9.65 -4.07 80.55
9.17 -4.07 80.55 -0.24 -10.49 75.42 -0.24 -5.36 84.19
-9.65 -4.07 80.55 -0.24 -10.49 75.42 -8.37 -8.56 73.07
-0.24 -10.49 75.42 5.53 -10.70 61.31 -0.24 -12.63 60.66
-6.01 -10.70 61.31 -0.24 -10.49 75.42 -0.24 -12.63 60.66
-0.24 -12.63 60.66 4.68 -11.34 58.74 -0.24 -13.27 58.10
-5.16 -11.34 58.74 -0.24 -12.63 60.66 -0.24 -13.27 58.10
4.68 -11.34 58.74 5.75 -7.71 54.04 6.18 -9.63 54.68
-5.16 -11.34 58.74 -6.23 -7.71 54.04 -6.01 -10.70 61.31
20.93 4.48 55.53 19.86 -1.29 63.87 23.07 6.41 64.30
-20.34 -1.29 63.87 -21.41 4.48 55.53 -23.55 6.41 64.30
12.38 11.96 85.04 -0.24 1.91 88.46 -0.24 15.39 89.10
-12.86 11.96 85.04 -0.24 1.91 88.46 -9.43 1.49 83.97
12.16 23.30 59.38 -0.24 26.93 67.93 -0.24 24.58 57.88
-12.64 23.30 59.38 -0.24 26.93 67.93 -12.64 25.44 67.72
-0.24 26.93 67.93 12.16 23.73 76.27 -0.24 24.58 80.76
-12.64 23.73 76.27 -0.24 26.93 67.93 -0.24 24.58 80.76
-0.24 24.58 80.76 12.38 11.96 85.04 -0.24 15.39 89.10
-12.86 11.96 85.04 -0.24 24.58 80.76 -0.24 15.39 89.10
18.36 12.39 52.32 19.65 11.11 56.60 17.08 12.39 58.10
-20.13 11.11 56.60 -18.84 12.39 52.32 -17.56 12.39 58.10
17.08 12.39 58.10 21.57 15.39 62.37 17.29 19.24 64.30
-22.05 15.39 62.37 -17.56 12.39 58.10 -17.77 19.24 64.30
17.29 19.24 64.30 21.57 16.88 69.00 17.29 20.52 71.14
-22.05 16.88 69.00 -17.77 19.24 64.30 -17.77 20.52 71.14
17.29 20.52 71.14 21.57 14.74 75.63 17.29 18.59 77.98
-22.05 14.74 75.63 -17.77 20.52 71.14 -17.77 18.59 77.98
16.65 8.97 81.83 21.57 14.74 75.63 20.93 7.26 77.77
-17.13 8.97 81.83 -22.05 14.74 75.63 -17.77 18.59 77.98
12.38 11.96 85.04 17.29 18.59 77.98 16.65 8.97 81.83
-17.77 18.59 77.98 -12.86 11.96 85.04 -17.13 8.97 81.83
12.16 23.73 76.27 17.29 20.52 71.14 17.29 18.59 77.98
-17.77 20.52 71.14 -12.64 23.73 76.27 -17.77 18.59 77.98
12.16 25.44 67.72 17.29 19.24 64.30 17.29 20.52 71.14
-17.77 19.24 64.30 -12.64 25.44 67.72 -17.77 20.52 71.14
12.16 23.30 59.38 17.08 12.39 58.10 17.29 19.24 64.30
-17.56 12.39 58.10 -12.64 23.30 59.38 -17.77 19.24 64.30
18.36 12.39 52.32 12.38 14.32 54.04 13.02 15.17 50.61
-18.84 12.39 52.32 -12.86 14.32 54.04 -17.56 12.39 58.10
12.38 14.32 54.04 -0.24 24.58 57.88 -0.24 15.60 50.19
-12.86 14.32 54.04 -0.24 24.58 57.88 -12.64 23.30 59.38
5.11 18.17 48.90 13.02 15.17 50.61 2.75 12.61 49.12
-5.59 18.17 48.90 -13.50 15.17 50.61 -9.43 18.81 49.54
2.75 12.61 49.12 12.38 14.32 54.04 -0.24 15.60 50.19
-12.86 14.32 54.04 -3.23 12.61 49.12 -0.24 15.60 50.19
-0.24 11.11 49.33 2.75 12.61 49.12 -0.24 15.60 50.19
-0.24 15.60 50.19 -3.23 12.61 49.12 -0.24 11.11 49.33
20.93 4.48 55.53 19.65 11.11 56.60 21.57 11.11 53.18
-21.41 4.48 55.53 -20.13 11.11 56.60 -23.55 6.41 64.30
23.07 6.41 64.30 21.57 15.39 62.37 19.65 11.11 56.60
-22.05 15.39 62.37 -23.55 6.41 64.30 -20.13 11.11 56.60
23.28 8.76 67.08 21.57 16.88 69.00 21.57 15.39 62.37
-22.05 16.88 69.00 -23.76 8.76 67.08 -22.05 15.39 62.37
21.57 14.74 75.63 22.21 8.97 71.36 20.93 7.26 77.77
-22.05 14.74 75.63 -22.69 8.97 71.36 -22.05 16.88 69.00
7.89 -8.56 73.07 10.88 -4.71 61.73 5.53 -10.70 61.31
-8.37 -8.56 73.07 -11.36 -4.71 61.73 -12.00 -5.36 71.57
10.88 -4.71 61.73 16.01 -3.43 70.29 19.86 -1.29 63.87
-11.36 -4.71 61.73 -16.49 -3.43 70.29 -12.00 -5.36 71.57
16.23 -0.01 54.46 10.88 -4.71 61.73 19.86 -1.29 63.87
-11.36 -4.71 61.73 -16.71 -0.01 54.46 -20.34 -1.29 63.87
11.73 -2.58 52.97 5.75 -7.71 54.04 10.88 -4.71 61.73
-6.23 -7.71 54.04 -12.21 -2.58 52.97 -11.36 -4.71 61.73
5.75 -7.71 54.04 5.53 -10.70 61.31 10.88 -4.71 61.73
-11.36 -4.71 61.73 -6.01 -10.70 61.31 -6.23 -7.71 54.04
11.73 -2.58 52.97 5.32 -4.71 52.11 5.53 -6.21 52.97
-6.01 -6.21 52.97 -5.80 -4.71 52.11 -12.21 -2.58 52.97
17.29 -0.22 77.56 16.65 8.97 81.83 20.93 7.26 77.77
-17.77 -0.22 77.56 -17.13 8.97 81.83 -13.50 0.63 80.76
16.65 8.97 81.83 8.95 1.49 83.97 12.38 11.96 85.04
-17.13 8.97 81.83 -9.43 1.49 83.97 -13.50 0.63 80.76
11.52 -5.36 71.57 17.29 -0.22 77.56 16.01 -3.43 70.29
-12.00 -5.36 71.57 -17.77 -0.22 77.56 -13.50 0.63 80.76
9.17 -4.07 80.55 11.52 -5.36 71.57 7.89 -8.56 73.07
-9.65 -4.07 80.55 -12.00 -5.36 71.57 -13.50 0.63 80.76
8.95 1.49 83.97 13.02 0.63 80.76 9.17 -4.07 80.55
-9.65 -4.07 80.55 -13.50 0.63 80.76 -9.43 1.49 83.97
24.14 11.11 72.21 27.56 11.32 73.71 27.77 13.03 74.35
-24.62 11.11 72.21 -28.04 11.32 73.71 -25.47 9.83 71.78
27.77 13.03 74.35 32.26 11.96 76.49 33.55 13.89 77.34
-32.74 11.96 76.49 -28.25 13.03 74.35 -34.03 13.89 77.34
32.26 11.96 76.49 36.75 8.76 77.34 33.55 13.89 77.34
-32.74 11.96 76.49 -37.23 8.76 77.34 -34.88 7.90 76.92
34.40 7.90 76.92 34.83 1.49 77.56 36.75 8.76 77.34
-34.88 7.90 76.92 -35.31 1.49 77.56 -33.38 2.13 76.92
32.90 2.13 76.92 28.20 -2.79 74.78 34.83 1.49 77.56
-33.38 2.13 76.92 -28.68 -2.79 74.78 -28.47 -1.08 74.14
28.20 -2.79 74.78 22.43 -1.93 69.43 20.93 -3.86 69.22
-22.91 -1.93 69.43 -28.68 -2.79 74.78 -21.41 -3.86 69.22
27.99 -1.08 74.14 23.92 -0.65 71.57 22.43 -1.93 69.43
-24.40 -0.65 71.57 -28.47 -1.08 74.14 -22.91 -1.93 69.43
32.90 2.13 76.92 28.20 -0.01 75.85 27.99 -1.08 74.14
-28.68 -0.01 75.85 -33.38 2.13 76.92 -28.47 -1.08 74.14
33.55 6.83 77.98 32.90 2.13 76.92 34.40 7.90 76.92
-34.03 6.83 77.98 -33.38 2.13 76.92 -32.74 2.56 77.98
31.84 9.83 77.77 34.40 7.90 76.92 32.26 11.96 76.49
-32.32 9.83 77.77 -34.88 7.90 76.92 -34.03 6.83 77.98
27.77 9.40 75.63 32.26 11.96 76.49 27.56 11.32 73.71
-28.25 9.40 75.63 -32.74 11.96 76.49 -32.32 9.83 77.77
27.56 11.32 73.71 25.63 8.33 73.71 27.77 9.40 75.63
-26.11 8.33 73.71 -28.04 11.32 73.71 -28.25 9.40 75.63
16.01 -3.43 70.29 19.65 -0.01 67.72 19.86 -1.29 63.87
-16.49 -3.43 70.29 -20.13 -0.01 67.72 -19.91 -0.65 70.50
20.93 -3.86 69.22 19.43 -0.65 70.50 16.01 -3.43 70.29
-21.41 -3.86 69.22 -19.91 -0.65 70.50 -22.91 -1.93 69.43
23.07 6.41 64.30 19.65 -0.01 67.72 23.28 8.76 67.08
-20.13 -0.01 67.72 -23.55 6.41 64.30 -23.76 8.76 67.08
22.21 8.97 71.36 24.99 9.83 71.78 24.14 11.11 72.21
-25.47 9.83 71.78 -22.69 8.97 71.36 -24.62 11.11 72.21
22.43 -1.93 69.43 22.00 -0.44 73.28 19.43 -0.65 70.50
-22.48 -0.44 73.28 -22.91 -1.93 69.43 -19.91 -0.65 70.50
19.43 1.06 70.93 22.00 -0.44 73.28 22.85 0.42 73.28
-19.91 1.06 70.93 -22.48 -0.44 73.28 -19.91 -0.65 70.50
20.50 2.56 73.28 22.85 0.42 73.28 22.21 2.34 73.28
-23.33 0.42 73.28 -20.98 2.56 73.28 -22.69 2.34 73.28
21.57 5.55 71.57 20.50 2.56 73.28 22.64 4.69 73.28
-22.05 5.55 71.57 -20.98 2.56 73.28 -19.91 1.06 70.93
21.57 5.55 71.57 24.14 6.62 73.07 22.85 7.90 71.57
-22.05 5.55 71.57 -24.62 6.62 73.07 -23.12 4.69 73.28
22.85 7.90 71.57 25.63 8.33 73.71 24.99 9.83 71.78
-23.33 7.90 71.57 -26.11 8.33 73.71 -24.62 6.62 73.07
21.57 5.55 71.57 22.21 8.97 71.36 23.28 8.76 67.08
-22.05 5.55 71.57 -22.69 8.97 71.36 -23.33 7.90 71.57
19.65 -0.01 67.72 21.57 5.55 71.57 23.28 8.76 67.08
-20.13 -0.01 67.72 -22.05 5.55 71.57 -19.91 1.06 70.93
19.65 -0.01 67.72 19.43 -0.65 70.50 19.43 1.06 70.93
-19.91 1.06 70.93 -19.91 -0.65 70.50 -20.13 -0.01 67.72
25.63 8.33 73.71 24.14 6.41 74.56 25.85 7.90 75.20
-24.62 6.41 74.56 -26.11 8.33 73.71 -26.33 7.90 75.20
22.64 4.69 73.28 24.14 6.41 74.56 24.14 6.62 73.07
-23.12 4.69 73.28 -24.62 6.41 74.56 -23.33 4.69 74.56
22.64 4.69 73.28 20.72 2.56 74.56 22.85 4.69 74.56
-21.20 2.56 74.56 -23.12 4.69 73.28 -23.33 4.69 74.56
22.21 2.34 73.28 20.72 2.56 74.56 20.50 2.56 73.28
-22.69 2.34 73.28 -21.20 2.56 74.56 -22.91 2.13 74.56
22.85 0.42 73.28 22.43 2.13 74.56 22.21 2.34 73.28
-23.33 0.42 73.28 -22.91 2.13 74.56 -23.55 0.42 74.56
22.85 0.42 73.28 22.00 -0.44 74.56 23.07 0.42 74.56
-22.48 -0.44 74.56 -23.33 0.42 73.28 -23.55 0.42 74.56
22.00 -0.44 73.28 23.92 -0.44 73.07 22.00 -0.44 74.56
-24.40 -0.44 73.07 -22.48 -0.44 73.28 -22.48 -0.44 74.56
27.77 9.40 75.63 25.85 7.90 75.20 28.20 8.97 77.13
-26.33 7.90 75.20 -28.25 9.40 75.63 -28.68 8.97 77.13
31.84 9.83 77.77 28.20 8.97 77.13 32.26 9.40 79.05
-28.68 8.97 77.13 -32.32 9.83 77.77 -32.74 9.40 79.05
33.55 6.83 77.98 32.26 9.40 79.05 34.19 6.62 79.27
-32.74 9.40 79.05 -34.03 6.83 77.98 -34.67 6.62 79.27
33.55 6.83 77.98 32.90 2.34 79.05 32.26 2.56 77.98
-34.03 6.83 77.98 -33.38 2.34 79.05 -34.67 6.62 79.27
32.26 2.56 77.98 28.41 -0.01 77.34 28.20 -0.01 75.85
-32.74 2.56 77.98 -28.89 -0.01 77.34 -33.38 2.34 79.05
28.20 -0.01 75.85 23.92 -0.44 73.07 23.92 -0.65 71.57
-28.68 -0.01 75.85 -24.40 -0.44 73.07 -28.89 -0.01 77.34
23.07 0.42 74.56 24.14 2.98 74.78 22.43 2.13 74.56
-23.55 0.42 74.56 -24.62 2.98 74.78 -25.90 1.70 74.99
25.42 1.70 74.99 26.06 4.69 75.42 24.14 2.98 74.78
-25.90 1.70 74.99 -26.54 4.69 75.42 -27.61 3.41 75.85
26.06 4.69 75.42 28.63 5.12 76.27 27.56 6.41 76.06
-29.11 5.12 76.27 -26.54 4.69 75.42 -28.04 6.41 76.06
28.63 5.12 76.27 29.48 7.47 76.49 27.56 6.41 76.06
-29.11 5.12 76.27 -29.96 7.47 76.49 -30.60 5.76 76.49
28.20 8.97 77.13 27.56 6.41 76.06 29.48 7.47 76.49
-28.04 6.41 76.06 -28.68 8.97 77.13 -29.96 7.47 76.49
26.06 4.69 75.42 25.85 7.90 75.20 24.14 6.41 74.56
-26.54 4.69 75.42 -26.33 7.90 75.20 -28.04 6.41 76.06
22.85 4.69 74.56 26.06 4.69 75.42 24.14 6.41 74.56
-23.33 4.69 74.56 -26.54 4.69 75.42 -24.62 2.98 74.78
22.43 2.13 74.56 22.85 4.69 74.56 20.72 2.56 74.56
-23.33 4.69 74.56 -22.91 2.13 74.56 -21.20 2.56 74.56
23.92 -0.44 73.07 23.07 0.42 74.56 22.00 -0.44 74.56
-24.40 -0.44 73.07 -23.55 0.42 74.56 -25.90 1.70 74.99
28.41 -0.01 77.34 25.42 1.70 74.99 23.92 -0.44 73.07
-25.90 1.70 74.99 -28.89 -0.01 77.34 -24.40 -0.44 73.07
28.63 5.12 76.27 28.41 -0.01 77.34 32.90 2.34 79.05
-29.11 5.12 76.27 -28.89 -0.01 77.34 -27.61 3.41 75.85
30.12 5.76 76.49 32.90 2.34 79.05 34.19 6.62 79.27
-30.60 5.76 76.49 -33.38 2.34 79.05 -29.11 5.12 76.27
32.26 9.40 79.05 30.12 5.76 76.49 34.19 6.62 79.27
-30.60 5.76 76.49 -32.74 9.40 79.05 -34.67 6.62 79.27
28.20 8.97 77.13 29.48 7.47 76.49 32.26 9.40 79.05
-32.74 9.40 79.05 -29.96 7.47 76.49 -28.68 8.97 77.13
28.20 -2.79 74.78 21.36 -3.43 74.78 28.20 -2.36 79.27
-21.84 -3.43 74.78 -28.68 -2.79 74.78 -28.68 -2.36 79.27
34.83 1.49 77.56 28.20 -2.36 79.27 35.68 1.49 80.34
-28.68 -2.36 79.27 -35.31 1.49 77.56 -36.16 1.49 80.34
34.83 1.49 77.56 37.18 8.12 79.48 36.75 8.76 77.34
-35.31 1.49 77.56 -37.66 8.12 79.48 -36.16 1.49 80.34
36.75 8.76 77.34 33.97 12.82 80.76 33.55 13.89 77.34
-37.23 8.76 77.34 -34.45 12.82 80.76 -37.66 8.12 79.48
33.55 13.89 77.34 27.77 11.96 79.05 27.77 13.03 74.35
-34.03 13.89 77.34 -28.25 11.96 79.05 -34.45 12.82 80.76
27.77 13.03 74.35 23.28 10.47 76.27 24.14 11.11 72.21
-28.25 13.03 74.35 -23.76 10.47 76.27 -28.25 11.96 79.05
28.20 -2.36 79.27 23.28 10.47 76.27 27.77 11.96 79.05
-28.68 -2.36 79.27 -23.76 10.47 76.27 -21.84 -3.43 74.78
27.77 11.96 79.05 35.68 1.49 80.34 28.20 -2.36 79.27
-36.16 1.49 80.34 -28.25 11.96 79.05 -28.68 -2.36 79.27
33.97 12.82 80.76 37.18 8.12 79.48 35.68 1.49 80.34
-36.16 1.49 80.34 -37.66 8.12 79.48 -34.45 12.82 80.76
22.21 8.97 71.36 23.28 10.47 76.27 20.93 7.26 77.77
-22.69 8.97 71.36 -23.76 10.47 76.27 -24.62 11.11 72.21
20.93 7.26 77.77 21.36 -3.43 74.78 17.29 -0.22 77.56
-21.84 -3.43 74.78 -21.41 7.26 77.77 -17.77 -0.22 77.56
16.01 -3.43 70.29 21.36 -3.43 74.78 20.93 -3.86 69.22
-21.84 -3.43 74.78 -16.49 -3.43 70.29 -21.41 -3.86 69.22
12.59 6.62 45.05 11.73 4.48 44.84 13.45 2.56 46.98
-13.93 2.56 46.98 -12.21 4.48 44.84 -13.07 6.62 45.05
15.16 6.62 47.41 13.45 2.56 46.98 14.73 1.49 49.97
-15.21 1.49 49.97 -13.93 2.56 46.98 -15.64 6.62 47.41
13.45 2.56 46.98 9.38 0.85 46.12 9.38 -0.65 48.90
-9.86 -0.65 48.90 -9.86 0.85 46.12 -13.93 2.56 46.98
11.73 4.48 44.84 9.38 3.63 44.41 9.38 0.85 46.12
-9.86 0.85 46.12 -9.86 3.63 44.41 -12.21 4.48 44.84
9.38 3.63 44.41 7.24 4.48 43.99 5.32 2.56 45.48
-5.80 2.56 45.48 -7.72 4.48 43.99 -9.86 3.63 44.41
9.38 0.85 46.12 5.32 2.56 45.48 4.04 1.49 48.05
-4.52 1.49 48.05 -5.80 2.56 45.48 -9.86 0.85 46.12
3.61 6.62 45.48 1.90 6.62 47.83 4.04 1.49 48.05
-4.09 6.62 45.48 -5.80 2.56 45.48 -4.52 1.49 48.05
6.39 6.62 43.99 3.61 6.62 45.48 5.32 2.56 45.48
-6.87 6.62 43.99 -7.72 4.48 43.99 -5.80 2.56 45.48
6.39 6.62 43.99 7.24 8.97 43.99 5.32 10.68 45.48
-5.80 10.68 45.48 -7.72 8.97 43.99 -6.87 6.62 43.99
5.32 10.68 45.48 4.04 11.96 48.05 1.90 6.62 47.83
-5.80 10.68 45.48 -4.09 6.62 45.48 -2.38 6.62 47.83
9.38 12.39 46.12 9.38 14.10 48.90 4.04 11.96 48.05
-9.86 12.39 46.12 -5.80 10.68 45.48 -4.52 11.96 48.05
9.38 9.83 44.41 9.38 12.39 46.12 5.32 10.68 45.48
-9.86 9.83 44.41 -7.72 8.97 43.99 -5.80 10.68 45.48
11.73 8.97 44.84 13.45 10.68 46.98 9.38 12.39 46.12
-12.21 8.97 44.84 -9.86 9.83 44.41 -9.86 12.39 46.12
13.45 10.68 46.98 14.73 11.96 49.97 9.38 14.10 48.90
-13.93 10.68 46.98 -9.86 12.39 46.12 -9.86 14.10 48.90
15.16 6.62 47.41 16.87 6.62 50.40 14.73 11.96 49.97
-15.64 6.62 47.41 -13.93 10.68 46.98 -15.21 11.96 49.97
12.59 6.62 45.05 15.16 6.62 47.41 13.45 10.68 46.98
-13.07 6.62 45.05 -12.21 8.97 44.84 -13.93 10.68 46.98
11.73 8.97 44.84 11.95 9.18 44.41 12.80 6.62 44.63
-12.21 8.97 44.84 -13.07 6.62 45.05 -13.28 6.62 44.63
9.38 9.83 44.41 9.38 10.25 43.77 11.95 9.18 44.41
-9.86 9.83 44.41 -12.21 8.97 44.84 -12.43 9.18 44.41
7.24 8.97 43.99 7.03 9.18 43.34 9.38 10.25 43.77
-7.72 8.97 43.99 -9.86 9.83 44.41 -9.86 10.25 43.77
6.39 6.62 43.99 5.96 6.62 43.34 7.03 9.18 43.34
-6.87 6.62 43.99 -7.72 8.97 43.99 -7.51 9.18 43.34
6.39 6.62 43.99 7.24 4.48 43.99 7.03 4.27 43.34
-7.51 4.27 43.34 -7.72 4.48 43.99 -6.87 6.62 43.99
7.24 4.48 43.99 9.38 3.63 44.41 9.38 3.20 43.77
-9.86 3.20 43.77 -9.86 3.63 44.41 -7.72 4.48 43.99
9.38 3.63 44.41 11.73 4.48 44.84 11.95 4.27 44.41
-12.43 4.27 44.41 -12.21 4.48 44.84 -9.86 3.63 44.41
11.73 4.48 44.84 12.59 6.62 45.05 12.80 6.62 44.63
-13.28 6.62 44.63 -13.07 6.62 45.05 -12.21 4.48 44.84
4.25 -25.46 48.48 -0.24 -25.88 48.26 -0.24 -26.95 49.97
-4.73 -25.46 48.48 -5.16 -26.53 50.61 -0.24 -26.95 49.97
6.18 -25.03 48.48 4.25 -25.46 48.48 4.68 -26.53 50.61
-6.66 -25.03 48.48 -9.22 -25.88 51.47 -5.16 -26.53 50.61
9.81 -24.39 51.26 7.03 -22.46 47.62 6.18 -25.03 48.48
-6.66 -25.03 48.48 -7.51 -22.46 47.62 -10.29 -24.39 51.26
9.38 -19.04 50.19 6.60 -19.26 46.98 7.03 -22.46 47.62
-7.51 -22.46 47.62 -7.08 -19.26 46.98 -9.86 -19.04 50.19
8.31 -11.98 50.19 5.53 -12.20 46.34 6.60 -19.26 46.98
-7.08 -19.26 46.98 -6.01 -12.20 46.34 -8.79 -11.98 50.19
5.32 -5.14 50.40 11.73 -3.86 51.26 10.67 -1.29 47.41
-11.15 -1.29 47.41 -12.21 -3.86 51.26 -5.80 -5.14 50.40
17.08 -1.08 51.04 16.65 1.49 48.69 10.67 -1.29 47.41
-17.56 -1.08 51.04 -12.21 -3.86 51.26 -11.15 -1.29 47.41
17.08 -1.08 51.04 22.43 4.05 53.61 19.65 5.55 49.33
-20.13 5.55 49.33 -22.91 4.05 53.61 -17.56 -1.08 51.04
23.28 11.75 49.54 20.07 10.25 47.83 19.65 5.55 49.33
-23.76 11.75 49.54 -22.91 4.05 53.61 -20.13 5.55 49.33
19.22 13.25 48.69 18.58 11.32 45.91 20.07 10.25 47.83
-19.70 13.25 48.69 -23.76 11.75 49.54 -20.55 10.25 47.83
13.23 16.46 46.98 11.73 14.96 43.99 18.58 11.32 45.91
-13.71 16.46 46.98 -19.70 13.25 48.69 -19.06 11.32 45.91
13.23 16.46 46.98 8.53 20.73 45.70 8.31 17.52 42.92
-8.79 17.52 42.92 -9.01 20.73 45.70 -13.71 16.46 46.98
4.04 19.66 45.05 5.32 16.88 42.49 8.31 17.52 42.92
-4.52 19.66 45.05 -9.01 20.73 45.70 -8.79 17.52 42.92
1.47 13.46 45.27 2.54 11.75 42.70 5.32 16.88 42.49
-1.95 13.46 45.27 -4.52 19.66 45.05 -5.80 16.88 42.49
-0.24 11.75 45.48 -0.24 9.61 43.34 2.54 11.75 42.70
-0.24 11.75 45.48 -1.95 13.46 45.27 -3.02 11.75 42.70
6.60 12.82 45.05 5.32 16.88 42.49 2.54 11.75 42.70
-7.08 12.82 45.05 -4.73 11.32 44.63 -3.02 11.75 42.70
6.60 12.82 45.05 8.74 13.03 45.48 8.31 17.52 42.92
-8.79 17.52 42.92 -9.22 13.03 45.48 -7.08 12.82 45.05
11.73 14.96 43.99 8.31 17.52 42.92 8.74 13.03 45.48
-12.21 14.96 43.99 -12.00 11.96 46.12 -9.22 13.03 45.48
18.58 11.32 45.91 11.73 14.96 43.99 11.52 11.96 46.12
-19.06 11.32 45.91 -16.71 10.25 47.62 -12.00 11.96 46.12
20.07 10.25 47.83 18.58 11.32 45.91 16.23 10.25 47.62
-20.55 10.25 47.83 -17.77 8.12 48.05 -16.71 10.25 47.62
19.65 5.55 49.33 20.07 10.25 47.83 17.29 8.12 48.05
-20.13 5.55 49.33 -17.35 5.12 48.05 -17.77 8.12 48.05
16.65 1.49 48.69 19.65 5.55 49.33 16.87 5.12 48.05
-17.13 1.49 48.69 -13.71 1.70 47.41 -17.35 5.12 48.05
10.67 -1.29 47.41 16.65 1.49 48.69 13.23 1.70 47.41
-11.15 -1.29 47.41 -10.50 0.42 46.55 -13.71 1.70 47.41
5.32 2.56 45.48 3.18 -2.79 43.56 10.67 -1.29 47.41
-11.15 -1.29 47.41 -3.66 -2.79 43.56 -5.80 2.56 45.48
5.32 2.56 45.48 4.25 3.84 45.27 -0.24 1.27 45.91
-0.24 1.27 45.91 -4.73 3.84 45.27 -5.80 2.56 45.48
2.54 11.75 42.70 -0.24 9.61 43.34 3.18 8.33 44.84
-3.02 11.75 42.70 -4.73 11.32 44.63 -3.66 8.33 44.84
3.18 8.33 44.84 -0.24 9.61 43.34 -0.24 5.76 44.84
-0.24 5.76 44.84 -0.24 9.61 43.34 -3.66 8.33 44.84
4.25 3.84 45.27 3.40 5.76 45.05 -0.24 5.76 44.84
-4.73 3.84 45.27 -0.24 1.27 45.91 -0.24 5.76 44.84
1.47 -24.17 46.77 -0.24 -24.39 46.98 -0.24 -25.88 48.26
-0.24 -25.88 48.26 -0.24 -24.39 46.98 -1.95 -24.17 46.77
2.97 -22.89 46.34 1.47 -24.17 46.77 4.25 -25.46 48.48
-4.73 -25.46 48.48 -1.95 -24.17 46.77 -3.45 -22.89 46.34
2.97 -22.89 46.34 6.18 -25.03 48.48 7.03 -22.46 47.62
-3.45 -22.89 46.34 -3.23 -19.68 45.70 -7.51 -22.46 47.62
5.53 -12.20 46.34 1.90 -12.20 45.27 2.97 -18.83 45.70
-3.45 -18.83 45.70 -2.38 -12.20 45.27 -6.01 -12.20 46.34
2.75 -19.68 45.70 7.03 -22.46 47.62 6.60 -19.26 46.98
-7.08 -19.26 46.98 -7.51 -22.46 47.62 -3.23 -19.68 45.70
-0.24 -8.99 45.48 -0.24 -12.20 45.27 1.90 -12.20 45.27
-0.24 -8.99 45.48 -2.59 -7.92 45.48 -2.38 -12.20 45.27
1.90 -12.20 45.27 -0.24 -12.20 45.27 -0.24 -18.61 45.70
-2.38 -12.20 45.27 -3.45 -18.83 45.70 -0.24 -18.61 45.70
2.75 -19.68 45.70 2.97 -18.83 45.70 -0.24 -18.61 45.70
-3.23 -19.68 45.70 -0.24 -20.97 45.70 -0.24 -18.61 45.70
3.18 -6.21 45.27 3.40 -6.21 43.99 2.33 -7.49 44.41
-2.81 -7.49 44.41 -3.88 -6.21 43.99 -3.66 -6.21 45.27
2.75 -3.65 44.41 3.40 -6.21 43.99 3.18 -6.21 45.27
-3.23 -3.65 44.41 -3.02 -4.07 45.48 -3.66 -6.21 45.27
0.83 -3.43 44.41 2.75 -3.65 44.41 2.54 -4.07 45.48
-1.31 -3.43 44.41 -0.24 -3.86 45.48 -3.02 -4.07 45.48
-0.24 -5.14 43.99 0.83 -3.43 44.41 -0.24 -3.86 45.48
2.11 -7.92 45.48 2.33 -7.49 44.41 -0.24 -8.78 44.41
-2.59 -7.92 45.48 -0.24 -8.99 45.48 -0.24 -8.78 44.41
2.33 -7.49 44.41 1.90 -6.85 43.77 -0.24 -7.92 43.77
-2.81 -7.49 44.41 -0.24 -8.78 44.41 -0.24 -7.92 43.77
-0.24 -5.14 43.99 -0.24 -5.57 43.13 1.04 -4.07 43.56
-1.52 -4.07 43.56 -0.24 -5.57 43.13 -0.24 -5.14 43.99
0.83 -3.43 44.41 1.04 -4.07 43.56 2.33 -4.29 43.56
-2.81 -4.29 43.56 -1.52 -4.07 43.56 -1.31 -3.43 44.41
2.33 -4.29 43.56 2.75 -6.21 43.13 3.40 -6.21 43.99
-2.81 -4.29 43.56 -3.23 -3.65 44.41 -3.88 -6.21 43.99
3.40 -6.21 43.99 2.75 -6.21 43.13 1.90 -6.85 43.77
-2.38 -6.85 43.77 -3.23 -6.21 43.13 -3.88 -6.21 43.99
2.75 -6.21 43.13 2.33 -4.29 43.56 1.04 -4.07 43.56
-3.23 -6.21 43.13 -0.24 -5.57 43.13 -1.52 -4.07 43.56
-0.24 -5.57 43.13 -0.24 -7.92 43.77 1.90 -6.85 43.77
-2.38 -6.85 43.77 -0.24 -7.92 43.77 -0.24 -5.57 43.13
-0.24 -3.86 45.48 2.54 -4.07 45.48 3.18 -2.79 43.56
-3.66 -2.79 43.56 -3.02 -4.07 45.48 -0.24 -3.86 45.48
2.54 -4.07 45.48 3.18 -6.21 45.27 4.25 -6.64 46.34
-4.73 -6.64 46.34 -3.66 -6.21 45.27 -3.02 -4.07 45.48
2.11 -7.92 45.48 4.68 -8.56 46.34 4.25 -6.64 46.34
-2.59 -7.92 45.48 -3.66 -6.21 45.27 -4.73 -6.64 46.34
1.90 -12.20 45.27 5.53 -12.20 46.34 4.68 -8.56 46.34
-2.38 -12.20 45.27 -2.59 -7.92 45.48 -5.16 -8.56 46.34
6.82 -8.56 50.61 4.68 -8.56 46.34 5.53 -12.20 46.34
-7.30 -8.56 50.61 -8.79 -11.98 50.19 -6.01 -12.20 46.34
6.18 -6.85 50.61 4.25 -6.64 46.34 4.68 -8.56 46.34
-6.66 -6.85 50.61 -7.30 -8.56 50.61 -5.16 -8.56 46.34
5.32 -5.14 50.40 3.18 -2.79 43.56 4.25 -6.64 46.34
-4.73 -6.64 46.34 -3.66 -2.79 43.56 -5.80 -5.14 50.40
-0.24 -20.97 45.70 -0.24 -21.18 46.12 2.33 -20.32 45.91
-0.24 -20.97 45.70 -3.23 -19.68 45.70 -2.81 -20.32 45.91
2.97 -22.89 46.34 2.75 -19.68 45.70 2.33 -20.32 45.91
-2.81 -20.32 45.91 -3.23 -19.68 45.70 -3.45 -22.89 46.34
1.47 -24.17 46.77 2.97 -22.89 46.34 2.33 -22.46 46.34
-2.81 -22.46 46.34 -3.45 -22.89 46.34 -1.95 -24.17 46.77
-0.24 -24.39 46.98 1.47 -24.17 46.77 1.04 -23.75 46.98
-1.52 -23.75 46.98 -1.95 -24.17 46.77 -0.24 -24.39 46.98
1.04 -23.75 46.98 1.04 -23.32 48.48 -0.24 -23.53 48.48
-1.52 -23.75 46.98 -0.24 -23.96 46.98 -0.24 -23.53 48.48
1.04 -23.75 46.98 2.33 -22.46 46.34 2.33 -22.25 48.26
-2.81 -22.25 48.26 -2.81 -22.46 46.34 -1.52 -23.75 46.98
2.33 -22.46 46.34 2.33 -20.32 45.91 2.33 -20.54 47.62
-2.81 -20.54 47.62 -2.81 -20.32 45.91 -2.81 -22.46 46.34
-0.24 -21.18 46.12 -0.24 -21.39 47.83 2.33 -20.54 47.62
-0.24 -21.18 46.12 -2.81 -20.32 45.91 -2.81 -20.54 47.62
-0.24 -21.39 47.83 -0.24 -23.53 48.48 1.04 -23.32 48.48
-1.52 -23.32 48.48 -0.24 -23.53 48.48 -0.24 -21.39 47.83
3.40 5.76 45.05 4.25 3.84 45.27 4.89 4.27 44.63
-5.37 4.27 44.63 -4.73 3.84 45.27 -3.88 5.76 45.05
3.18 8.33 44.84 3.40 5.76 45.05 4.46 5.98 44.41
-4.94 5.98 44.41 -3.88 5.76 45.05 -3.66 8.33 44.84
3.18 8.33 44.84 4.68 8.12 44.41 5.53 10.25 44.41
-3.66 8.33 44.84 -4.73 11.32 44.63 -6.01 10.25 44.41
5.32 2.56 45.48 5.96 2.98 44.41 4.89 4.27 44.63
-5.80 2.56 45.48 -4.73 3.84 45.27 -5.37 4.27 44.63
5.32 2.56 45.48 10.02 0.42 46.55 10.02 1.70 45.48
-10.50 1.70 45.48 -10.50 0.42 46.55 -5.80 2.56 45.48
10.02 0.42 46.55 13.23 1.70 47.41 12.80 2.77 46.12
-13.28 2.77 46.12 -13.71 1.70 47.41 -10.50 0.42 46.55
13.23 1.70 47.41 16.87 5.12 48.05 15.58 5.34 47.19
-16.06 5.34 47.19 -17.35 5.12 48.05 -13.71 1.70 47.41
16.87 5.12 48.05 17.29 8.12 48.05 15.80 7.90 46.98
-16.28 7.90 46.98 -17.77 8.12 48.05 -17.35 5.12 48.05
16.23 10.25 47.62 15.16 9.61 46.77 15.80 7.90 46.98
-16.71 10.25 47.62 -17.77 8.12 48.05 -16.28 7.90 46.98
11.52 11.96 46.12 11.31 10.90 44.63 15.16 9.61 46.77
-12.00 11.96 46.12 -16.71 10.25 47.62 -15.64 9.61 46.77
11.52 11.96 46.12 8.74 13.03 45.48 8.95 11.75 45.05
-9.43 11.75 45.05 -9.22 13.03 45.48 -12.00 11.96 46.12
8.74 13.03 45.48 6.60 12.82 45.05 7.24 11.54 44.63
-7.72 11.54 44.63 -7.08 12.82 45.05 -9.22 13.03 45.48
6.60 12.82 45.05 4.25 11.32 44.63 5.53 10.25 44.41
-6.01 10.25 44.41 -4.73 11.32 44.63 -7.08 12.82 45.05
7.24 11.54 44.63 5.53 10.25 44.41 6.18 9.83 45.05
-6.66 9.83 45.05 -6.01 10.25 44.41 -7.72 11.54 44.63
8.95 11.75 45.05 7.24 11.54 44.63 7.46 10.90 44.84
-7.94 10.90 44.84 -7.72 11.54 44.63 -9.43 11.75 45.05
8.95 11.75 45.05 8.95 11.11 45.27 11.09 10.68 45.27
-9.43 11.75 45.05 -11.79 10.90 44.63 -11.57 10.68 45.27
11.31 10.90 44.63 11.09 10.68 45.27 14.30 9.18 47.19
-11.79 10.90 44.63 -15.64 9.61 46.77 -14.78 9.18 47.19
15.80 7.90 46.98 15.16 9.61 46.77 14.30 9.18 47.19
-14.78 9.18 47.19 -15.64 9.61 46.77 -16.28 7.90 46.98
15.80 7.90 46.98 14.94 7.69 47.41 14.73 5.76 47.41
-16.28 7.90 46.98 -16.06 5.34 47.19 -15.21 5.76 47.41
12.80 2.77 46.12 15.58 5.34 47.19 14.73 5.76 47.41
-15.21 5.76 47.41 -16.06 5.34 47.19 -13.28 2.77 46.12
12.80 2.77 46.12 12.38 3.20 46.55 10.02 2.34 45.91
-13.28 2.77 46.12 -10.50 1.70 45.48 -10.50 2.34 45.91
10.02 1.70 45.48 10.02 2.34 45.91 6.39 3.41 45.05
-10.50 1.70 45.48 -6.44 2.98 44.41 -6.87 3.41 45.05
4.89 4.27 44.63 5.96 2.98 44.41 6.39 3.41 45.05
-6.87 3.41 45.05 -6.44 2.98 44.41 -5.37 4.27 44.63
5.53 10.25 44.41 4.68 8.12 44.41 5.11 8.12 45.05
-5.59 8.12 45.05 -5.16 8.12 44.41 -6.01 10.25 44.41
4.68 8.12 44.41 4.46 5.98 44.41 5.11 6.19 45.27
-5.59 6.19 45.27 -4.94 5.98 44.41 -5.16 8.12 44.41
4.46 5.98 44.41 4.89 4.27 44.63 5.32 4.69 45.27
-5.80 4.69 45.27 -5.37 4.27 44.63 -4.94 5.98 44.41
-0.24 11.75 45.48 1.47 13.46 45.27 2.75 12.61 49.12
-3.23 12.61 49.12 -1.95 13.46 45.27 -0.24 11.75 45.48
1.47 13.46 45.27 4.04 19.66 45.05 5.11 18.17 48.90
-5.59 18.17 48.90 -4.52 19.66 45.05 -1.95 13.46 45.27
8.53 20.73 45.70 8.95 18.81 49.54 5.11 18.17 48.90
-9.01 20.73 45.70 -4.52 19.66 45.05 -5.59 18.17 48.90
13.23 16.46 46.98 13.02 15.17 50.61 8.95 18.81 49.54
-13.71 16.46 46.98 -9.01 20.73 45.70 -9.43 18.81 49.54
19.22 13.25 48.69 18.36 12.39 52.32 13.02 15.17 50.61
-19.70 13.25 48.69 -13.71 16.46 46.98 -13.50 15.17 50.61
19.22 13.25 48.69 23.28 11.75 49.54 21.57 11.11 53.18
-22.05 11.11 53.18 -23.76 11.75 49.54 -19.70 13.25 48.69
22.43 4.05 53.61 20.93 4.48 55.53 21.57 11.11 53.18
-22.91 4.05 53.61 -23.76 11.75 49.54 -22.05 11.11 53.18
22.43 4.05 53.61 17.08 -1.08 51.04 16.23 -0.01 54.46
-16.71 -0.01 54.46 -17.56 -1.08 51.04 -22.91 4.05 53.61
17.08 -1.08 51.04 11.73 -3.86 51.26 11.73 -2.58 52.97
-12.21 -2.58 52.97 -12.21 -3.86 51.26 -17.56 -1.08 51.04
-0.24 -13.27 58.10 4.68 -11.34 58.74 3.18 -14.76 55.96
-0.24 -13.27 58.10 -0.24 -15.62 57.03 -3.66 -14.76 55.96
-0.24 -15.62 57.03 3.18 -14.76 55.96 3.61 -20.75 55.75
-0.24 -15.62 57.03 -0.24 -22.03 56.39 -4.09 -20.75 55.75
-0.24 -22.03 56.39 3.61 -20.75 55.75 4.25 -25.88 53.82
-0.24 -22.03 56.39 -0.24 -26.74 53.18 -4.73 -25.88 53.82
4.68 -26.53 50.61 -0.24 -26.95 49.97 -0.24 -26.74 53.18
-0.24 -26.74 53.18 -0.24 -26.95 49.97 -5.16 -26.53 50.61
8.74 -25.88 51.47 4.68 -26.53 50.61 4.25 -25.88 53.82
-4.73 -25.88 53.82 -5.16 -26.53 50.61 -9.22 -25.88 51.47
9.81 -24.39 51.26 8.74 -25.88 51.47 8.74 -25.03 54.89
-9.22 -25.03 54.89 -9.22 -25.88 51.47 -10.29 -24.39 51.26
9.38 -19.04 50.19 9.81 -24.39 51.26 7.67 -19.47 55.32
-8.15 -19.47 55.32 -10.29 -24.39 51.26 -9.86 -19.04 50.19
7.67 -19.47 55.32 3.61 -20.75 55.75 3.18 -14.76 55.96
-3.66 -14.76 55.96 -4.09 -20.75 55.75 -8.15 -19.47 55.32
8.74 -25.03 54.89 4.25 -25.88 53.82 3.61 -20.75 55.75
-9.22 -25.03 54.89 -8.15 -19.47 55.32 -4.09 -20.75 55.75
6.60 -13.70 55.10 3.18 -14.76 55.96 4.68 -11.34 58.74
-7.08 -13.70 55.10 -6.66 -9.63 54.68 -5.16 -11.34 58.74
8.31 -11.98 50.19 9.38 -19.04 50.19 6.60 -13.70 55.10
-7.08 -13.70 55.10 -9.86 -19.04 50.19 -8.79 -11.98 50.19
5.75 -7.71 54.04 5.53 -6.21 52.97 6.18 -6.85 50.61
-6.23 -7.71 54.04 -7.30 -8.56 50.61 -6.66 -6.85 50.61
6.18 -9.63 54.68 5.75 -7.71 54.04 6.82 -8.56 50.61
-6.66 -9.63 54.68 -8.79 -11.98 50.19 -7.30 -8.56 50.61
6.18 -6.85 50.61 5.53 -6.21 52.97 5.32 -4.71 52.11
-6.66 -6.85 50.61 -5.80 -5.14 50.40 -5.80 -4.71 52.11
5.32 -4.71 52.11 11.73 -2.58 52.97 11.73 -3.86 51.26
-5.80 -4.71 52.11 -5.80 -5.14 50.40 -12.21 -3.86 51.26
8.95 1.49 83.97 9.17 -4.07 80.55 -0.24 -5.36 84.19
-9.43 1.49 83.97 -0.24 1.91 88.46 -0.24 -5.36 84.19
9.17 -4.07 80.55 7.89 -8.56 73.07 -0.24 -10.49 75.42
-9.65 -4.07 80.55 -0.24 -5.36 84.19 -0.24 -10.49 75.42
-0.24 -10.49 75.42 7.89 -8.56 73.07 5.53 -10.70 61.31
-6.01 -10.70 61.31 -8.37 -8.56 73.07 -0.24 -10.49 75.42
-0.24 -12.63 60.66 5.53 -10.70 61.31 4.68 -11.34 58.74
-5.16 -11.34 58.74 -6.01 -10.70 61.31 -0.24 -12.63 60.66
4.68 -11.34 58.74 5.53 -10.70 61.31 5.75 -7.71 54.04
-5.16 -11.34 58.74 -6.66 -9.63 54.68 -6.23 -7.71 54.04
20.93 4.48 55.53 16.23 -0.01 54.46 19.86 -1.29 63.87
-20.34 -1.29 63.87 -16.71 -0.01 54.46 -21.41 4.48 55.53
12.38 11.96 85.04 8.95 1.49 83.97 -0.24 1.91 88.46
-12.86 11.96 85.04 -0.24 15.39 89.10 -0.24 1.91 88.46
12.16 23.30 59.38 12.16 25.44 67.72 -0.24 26.93 67.93
-12.64 23.30 59.38 -0.24 24.58 57.88 -0.24 26.93 67.93
-0.24 26.93 67.93 12.16 25.44 67.72 12.16 23.73 76.27
-12.64 23.73 76.27 -12.64 25.44 67.72 -0.24 26.93 67.93
-0.24 24.58 80.76 12.16 23.73 76.27 12.38 11.96 85.04
-12.86 11.96 85.04 -12.64 23.73 76.27 -0.24 24.58 80.76
18.36 12.39 52.32 21.57 11.11 53.18 19.65 11.11 56.60
-20.13 11.11 56.60 -22.05 11.11 53.18 -18.84 12.39 52.32
17.08 12.39 58.10 19.65 11.11 56.60 21.57 15.39 62.37
-22.05 15.39 62.37 -20.13 11.11 56.60 -17.56 12.39 58.10
17.29 19.24 64.30 21.57 15.39 62.37 21.57 16.88 69.00
-22.05 16.88 69.00 -22.05 15.39 62.37 -17.77 19.24 64.30
17.29 20.52 71.14 21.57 16.88 69.00 21.57 14.74 75.63
-22.05 14.74 75.63 -22.05 16.88 69.00 -17.77 20.52 71.14
16.65 8.97 81.83 17.29 18.59 77.98 21.57 14.74 75.63
-17.13 8.97 81.83 -21.41 7.26 77.77 -22.05 14.74 75.63
12.38 11.96 85.04 12.16 23.73 76.27 17.29 18.59 77.98
-17.77 18.59 77.98 -12.64 23.73 76.27 -12.86 11.96 85.04
12.16 23.73 76.27 12.16 25.44 67.72 17.29 20.52 71.14
-17.77 20.52 71.14 -12.64 25.44 67.72 -12.64 23.73 76.27
12.16 25.44 67.72 12.16 23.30 59.38 17.29 19.24 64.30
-17.77 19.24 64.30 -12.64 23.30 59.38 -12.64 25.44 67.72
12.16 23.30 59.38 12.38 14.32 54.04 17.08 12.39 58.10
-17.56 12.39 58.10 -12.86 14.32 54.04 -12.64 23.30 59.38
18.36 12.39 52.32 17.08 12.39 58.10 12.38 14.32 54.04
-18.84 12.39 52.32 -13.50 15.17 50.61 -12.86 14.32 54.04
12.38 14.32 54.04 12.16 23.30 59.38 -0.24 24.58 57.88
-12.86 14.32 54.04 -0.24 15.60 50.19 -0.24 24.58 57.88
5.11 18.17 48.90 8.95 18.81 49.54 13.02 15.17 50.61
-5.59 18.17 48.90 -3.23 12.61 49.12 -13.50 15.17 50.61
2.75 12.61 49.12 13.02 15.17 50.61 12.38 14.32 54.04
-12.86 14.32 54.04 -13.50 15.17 50.61 -3.23 12.61 49.12
20.93 4.48 55.53 23.07 6.41 64.30 19.65 11.11 56.60
-21.41 4.48 55.53 -22.05 11.11 53.18 -20.13 11.11 56.60
23.07 6.41 64.30 23.28 8.76 67.08 21.57 15.39 62.37
-22.05 15.39 62.37 -23.76 8.76 67.08 -23.55 6.41 64.30
23.28 8.76 67.08 22.21 8.97 71.36 21.57 16.88 69.00
-22.05 16.88 69.00 -22.69 8.97 71.36 -23.76 8.76 67.08
21.57 14.74 75.63 21.57 16.88 69.00 22.21 8.97 71.36
-22.05 14.74 75.63 -21.41 7.26 77.77 -22.69 8.97 71.36
7.89 -8.56 73.07 11.52 -5.36 71.57 10.88 -4.71 61.73
-8.37 -8.56 73.07 -6.01 -10.70 61.31 -11.36 -4.71 61.73
10.88 -4.71 61.73 11.52 -5.36 71.57 16.01 -3.43 70.29
-11.36 -4.71 61.73 -20.34 -1.29 63.87 -16.49 -3.43 70.29
16.23 -0.01 54.46 11.73 -2.58 52.97 10.88 -4.71 61.73
-11.36 -4.71 61.73 -12.21 -2.58 52.97 -16.71 -0.01 54.46
11.73 -2.58 52.97 5.53 -6.21 52.97 5.75 -7.71 54.04
-6.23 -7.71 54.04 -6.01 -6.21 52.97 -12.21 -2.58 52.97
17.29 -0.22 77.56 13.02 0.63 80.76 16.65 8.97 81.83
-17.77 -0.22 77.56 -21.41 7.26 77.77 -17.13 8.97 81.83
16.65 8.97 81.83 13.02 0.63 80.76 8.95 1.49 83.97
-17.13 8.97 81.83 -12.86 11.96 85.04 -9.43 1.49 83.97
11.52 -5.36 71.57 13.02 0.63 80.76 17.29 -0.22 77.56
-12.00 -5.36 71.57 -16.49 -3.43 70.29 -17.77 -0.22 77.56
9.17 -4.07 80.55 13.02 0.63 80.76 11.52 -5.36 71.57
-9.65 -4.07 80.55 -8.37 -8.56 73.07 -12.00 -5.36 71.57
24.14 11.11 72.21 24.99 9.83 71.78 27.56 11.32 73.71
-24.62 11.11 72.21 -28.25 13.03 74.35 -28.04 11.32 73.71
27.77 13.03 74.35 27.56 11.32 73.71 32.26 11.96 76.49
-32.74 11.96 76.49 -28.04 11.32 73.71 -28.25 13.03 74.35
32.26 11.96 76.49 34.40 7.90 76.92 36.75 8.76 77.34
-32.74 11.96 76.49 -34.03 13.89 77.34 -37.23 8.76 77.34
34.40 7.90 76.92 32.90 2.13 76.92 34.83 1.49 77.56
-34.88 7.90 76.92 -37.23 8.76 77.34 -35.31 1.49 77.56
32.90 2.13 76.92 27.99 -1.08 74.14 28.20 -2.79 74.78
-33.38 2.13 76.92 -35.31 1.49 77.56 -28.68 -2.79 74.78
28.20 -2.79 74.78 27.99 -1.08 74.14 22.43 -1.93 69.43
-22.91 -1.93 69.43 -28.47 -1.08 74.14 -28.68 -2.79 74.78
27.99 -1.08 74.14 28.20 -0.01 75.85 23.92 -0.65 71.57
-24.40 -0.65 71.57 -28.68 -0.01 75.85 -28.47 -1.08 74.14
32.90 2.13 76.92 32.26 2.56 77.98 28.20 -0.01 75.85
-28.68 -0.01 75.85 -32.74 2.56 77.98 -33.38 2.13 76.92
33.55 6.83 77.98 32.26 2.56 77.98 32.90 2.13 76.92
-34.03 6.83 77.98 -34.88 7.90 76.92 -33.38 2.13 76.92
31.84 9.83 77.77 33.55 6.83 77.98 34.40 7.90 76.92
-32.32 9.83 77.77 -32.74 11.96 76.49 -34.88 7.90 76.92
27.77 9.40 75.63 31.84 9.83 77.77 32.26 11.96 76.49
-28.25 9.40 75.63 -28.04 11.32 73.71 -32.74 11.96 76.49
27.56 11.32 73.71 24.99 9.83 71.78 25.63 8.33 73.71
-26.11 8.33 73.71 -25.47 9.83 71.78 -28.04 11.32 73.71
16.01 -3.43 70.29 19.43 -0.65 70.50 19.65 -0.01 67.72
-16.49 -3.43 70.29 -20.34 -1.29 63.87 -20.13 -0.01 67.72
20.93 -3.86 69.22 22.43 -1.93 69.43 19.43 -0.65 70.50
-21.41 -3.86 69.22 -16.49 -3.43 70.29 -19.91 -0.65 70.50
23.07 6.41 64.30 19.86 -1.29 63.87 19.65 -0.01 67.72
-20.13 -0.01 67.72 -20.34 -1.29 63.87 -23.55 6.41 64.30
22.21 8.97 71.36 22.85 7.90 71.57 24.99 9.83 71.78
-25.47 9.83 71.78 -23.33 7.90 71.57 -22.69 8.97 71.36
22.43 -1.93 69.43 23.92 -0.65 71.57 22.00 -0.44 73.28
-22.48 -0.44 73.28 -24.40 -0.65 71.57 -22.91 -1.93 69.43
19.43 1.06 70.93 19.43 -0.65 70.50 22.00 -0.44 73.28
-19.91 1.06 70.93 -23.33 0.42 73.28 -22.48 -0.44 73.28
20.50 2.56 73.28 19.43 1.06 70.93 22.85 0.42 73.28
-23.33 0.42 73.28 -19.91 1.06 70.93 -20.98 2.56 73.28
21.57 5.55 71.57 19.43 1.06 70.93 20.50 2.56 73.28
-22.05 5.55 71.57 -23.12 4.69 73.28 -20.98 2.56 73.28
21.57 5.55 71.57 22.64 4.69 73.28 24.14 6.62 73.07
-22.05 5.55 71.57 -23.33 7.90 71.57 -24.62 6.62 73.07
22.85 7.90 71.57 24.14 6.62 73.07 25.63 8.33 73.71
-23.33 7.90 71.57 -25.47 9.83 71.78 -26.11 8.33 73.71
21.57 5.55 71.57 22.85 7.90 71.57 22.21 8.97 71.36
-22.05 5.55 71.57 -23.76 8.76 67.08 -22.69 8.97 71.36
19.65 -0.01 67.72 19.43 1.06 70.93 21.57 5.55 71.57
-20.13 -0.01 67.72 -23.76 8.76 67.08 -22.05 5.55 71.57
25.63 8.33 73.71 24.14 6.62 73.07 24.14 6.41 74.56
-24.62 6.41 74.56 -24.62 6.62 73.07 -26.11 8.33 73.71
22.64 4.69 73.28 22.85 4.69 74.56 24.14 6.41 74.56
-23.12 4.69 73.28 -24.62 6.62 73.07 -24.62 6.41 74.56
22.64 4.69 73.28 20.50 2.56 73.28 20.72 2.56 74.56
-21.20 2.56 74.56 -20.98 2.56 73.28 -23.12 4.69 73.28
22.21 2.34 73.28 22.43 2.13 74.56 20.72 2.56 74.56
-22.69 2.34 73.28 -20.98 2.56 73.28 -21.20 2.56 74.56
22.85 0.42 73.28 23.07 0.42 74.56 22.43 2.13 74.56
-23.33 0.42 73.28 -22.69 2.34 73.28 -22.91 2.13 74.56
22.85 0.42 73.28 22.00 -0.44 73.28 22.00 -0.44 74.56
-22.48 -0.44 74.56 -22.48 -0.44 73.28 -23.33 0.42 73.28
22.00 -0.44 73.28 23.92 -0.65 71.57 23.92 -0.44 73.07
-24.40 -0.44 73.07 -24.40 -0.65 71.57 -22.48 -0.44 73.28
27.77 9.40 75.63 25.63 8.33 73.71 25.85 7.90 75.20
-26.33 7.90 75.20 -26.11 8.33 73.71 -28.25 9.40 75.63
31.84 9.83 77.77 27.77 9.40 75.63 28.20 8.97 77.13
-28.68 8.97 77.13 -28.25 9.40 75.63 -32.32 9.83 77.77
33.55 6.83 77.98 31.84 9.83 77.77 32.26 9.40 79.05
-32.74 9.40 79.05 -32.32 9.83 77.77 -34.03 6.83 77.98
33.55 6.83 77.98 34.19 6.62 79.27 32.90 2.34 79.05
-34.03 6.83 77.98 -32.74 2.56 77.98 -33.38 2.34 79.05
32.26 2.56 77.98 32.90 2.34 79.05 28.41 -0.01 77.34
-32.74 2.56 77.98 -28.68 -0.01 75.85 -28.89 -0.01 77.34
28.20 -0.01 75.85 28.41 -0.01 77.34 23.92 -0.44 73.07
-28.68 -0.01 75.85 -24.40 -0.65 71.57 -24.40 -0.44 73.07
23.07 0.42 74.56 25.42 1.70 74.99 24.14 2.98 74.78
-23.55 0.42 74.56 -22.91 2.13 74.56 -24.62 2.98 74.78
25.42 1.70 74.99 27.13 3.41 75.85 26.06 4.69 75.42
-25.90 1.70 74.99 -24.62 2.98 74.78 -26.54 4.69 75.42
26.06 4.69 75.42 27.13 3.41 75.85 28.63 5.12 76.27
-29.11 5.12 76.27 -27.61 3.41 75.85 -26.54 4.69 75.42
28.63 5.12 76.27 30.12 5.76 76.49 29.48 7.47 76.49
-29.11 5.12 76.27 -28.04 6.41 76.06 -29.96 7.47 76.49
28.20 8.97 77.13 25.85 7.90 75.20 27.56 6.41 76.06
-28.04 6.41 76.06 -26.33 7.90 75.20 -28.68 8.97 77.13
26.06 4.69 75.42 27.56 6.41 76.06 25.85 7.90 75.20
-26.54 4.69 75.42 -24.62 6.41 74.56 -26.33 7.90 75.20
22.85 4.69 74.56 24.14 2.98 74.78 26.06 4.69 75.42
-23.33 4.69 74.56 -24.62 6.41 74.56 -26.54 4.69 75.42
22.43 2.13 74.56 24.14 2.98 74.78 22.85 4.69 74.56
-23.33 4.69 74.56 -24.62 2.98 74.78 -22.91 2.13 74.56
23.92 -0.44 73.07 25.42 1.70 74.99 23.07 0.42 74.56
-24.40 -0.44 73.07 -22.48 -0.44 74.56 -23.55 0.42 74.56
28.41 -0.01 77.34 27.13 3.41 75.85 25.42 1.70 74.99
-25.90 1.70 74.99 -27.61 3.41 75.85 -28.89 -0.01 77.34
28.63 5.12 76.27 27.13 3.41 75.85 28.41 -0.01 77.34
-29.11 5.12 76.27 -33.38 2.34 79.05 -28.89 -0.01 77.34
30.12 5.76 76.49 28.63 5.12 76.27 32.90 2.34 79.05
-30.60 5.76 76.49 -34.67 6.62 79.27 -33.38 2.34 79.05
32.26 9.40 79.05 29.48 7.47 76.49 30.12 5.76 76.49
-30.60 5.76 76.49 -29.96 7.47 76.49 -32.74 9.40 79.05
28.20 -2.79 74.78 20.93 -3.86 69.22 21.36 -3.43 74.78
-21.84 -3.43 74.78 -21.41 -3.86 69.22 -28.68 -2.79 74.78
34.83 1.49 77.56 28.20 -2.79 74.78 28.20 -2.36 79.27
-28.68 -2.36 79.27 -28.68 -2.79 74.78 -35.31 1.49 77.56
34.83 1.49 77.56 35.68 1.49 80.34 37.18 8.12 79.48
-35.31 1.49 77.56 -37.23 8.76 77.34 -37.66 8.12 79.48
36.75 8.76 77.34 37.18 8.12 79.48 33.97 12.82 80.76
-37.23 8.76 77.34 -34.03 13.89 77.34 -34.45 12.82 80.76
33.55 13.89 77.34 33.97 12.82 80.76 27.77 11.96 79.05
-34.03 13.89 77.34 -28.25 13.03 74.35 -28.25 11.96 79.05
27.77 13.03 74.35 27.77 11.96 79.05 23.28 10.47 76.27
-28.25 13.03 74.35 -24.62 11.11 72.21 -23.76 10.47 76.27
28.20 -2.36 79.27 21.36 -3.43 74.78 23.28 10.47 76.27
-28.68 -2.36 79.27 -28.25 11.96 79.05 -23.76 10.47 76.27
27.77 11.96 79.05 33.97 12.82 80.76 35.68 1.49 80.34
-36.16 1.49 80.34 -34.45 12.82 80.76 -28.25 11.96 79.05
22.21 8.97 71.36 24.14 11.11 72.21 23.28 10.47 76.27
-22.69 8.97 71.36 -21.41 7.26 77.77 -23.76 10.47 76.27
20.93 7.26 77.77 23.28 10.47 76.27 21.36 -3.43 74.78
-21.84 -3.43 74.78 -23.76 10.47 76.27 -21.41 7.26 77.77
16.01 -3.43 70.29 17.29 -0.22 77.56 21.36 -3.43 74.78
-21.84 -3.43 74.78 -17.77 -0.22 77.56 -16.49 -3.43 70.29